
99.42782069996291 Kappa accuracy (%)
99.49825783972125 Overall accuracy (%)
98.69078828958389 Average accuracy (%)

                              precision    recall  f1-score   support

                     Alfalfa       1.00      1.00      1.00        32
                 Corn-notill       1.00      0.99      1.00      1000
                Corn-mintill       0.99      1.00      0.99       581
                        Corn       1.00      1.00      1.00       166
               Grass-pasture       0.99      0.99      0.99       338
                 Grass-trees       0.99      0.99      0.99       511
         Grass-pasture-mowed       1.00      1.00      1.00        20
               Hay-windrowed       1.00      0.99      0.99       335
                        Oats       1.00      1.00      1.00        14
              Soybean-notill       1.00      1.00      1.00       680
             Soybean-mintill       0.99      1.00      1.00      1719
               Soybean-clean       0.98      1.00      0.99       415
                       Wheat       1.00      0.99      0.99       143
                       Woods       0.99      1.00      1.00       886
Buildings-Grass-Trees-Drives       1.00      1.00      1.00       270
          Stone-Steel-Towers       1.00      0.85      0.92        65

                    accuracy                           0.99      7175
                   macro avg       1.00      0.99      0.99      7175
                weighted avg       1.00      0.99      0.99      7175

[[  32    0    0    0    0    0    0    0    0    0    0    0    0    0
     0    0]
 [   0  993    0    0    0    0    0    0    0    0    5    0    0    2
     0    0]
 [   0    0  580    0    0    0    0    0    0    0    1    0    0    0
     0    0]
 [   0    0    0  166    0    0    0    0    0    0    0    0    0    0
     0    0]
 [   0    0    2    0  336    0    0    0    0    0    0    0    0    0
     0    0]
 [   0    0    0    0    0  508    0    0    0    0    3    0    0    0
     0    0]
 [   0    0    0    0    0    0   20    0    0    0    0    0    0    0
     0    0]
 [   0    0    0    0    0    0    0  330    0    0    0    0    0    5
     0    0]
 [   0    0    0    0    0    0    0    0   14    0    0    0    0    0
     0    0]
 [   0    0    0    0    0    0    0    0    0  679    0    0    0    0
     1    0]
 [   0    0    0    0    0    3    0    0    0    1 1715    0    0    0
     0    0]
 [   0    0    0    0    0    0    0    0    0    1    0  414    0    0
     0    0]
 [   0    0    0    0    2    0    0    0    0    0    0    0  141    0
     0    0]
 [   0    0    0    0    0    0    0    0    0    0    0    0    0  886
     0    0]
 [   0    0    0    0    0    0    0    0    0    0    0    0    0    0
   270    0]
 [   0    0    3    0    0    0    0    0    0    0    0    7    0    0
     0   55]]